0.53888,9.9268,1
-2.2081,13.788,1
5.1871,11.499,1
-1.7761,13.035,1
3.8258,13.796,1
0.82465,8.8129,1
1.4616,10.268,1
1.4701,11.623,1
0.14648,11.161,1
4.9237,12.131,1
-3.3545,10.948,1
-0.17732,11.449,1
-3.578,10.81,1
1.9538,12.283,1
1.6506,12.03,1
2.0762,12.861,1
1.3121,11.213,1
-2.2913,13.802,1
4.9156,11.605,1
2.7147,14.924,1
3.275,14.677,1
-3.27,12.46,1
0.93695,8.4836,1
3.3391,15.033,1
-1.9552,14.34,1
3.6525,13.793,1
-1.7889,14.173,1
1.9553,13.555,1
-2.4454,13.867,1
-1.0609,12.926,1
3.2838,14.069,1
1.875,14.589,1
2.2505,13.857,1
2.6215,15.218,1
-2.595,13.446,1
1.4846,11.053,1
-0.117,11.43,1
-1.0505,13.104,1
1.8056,13.936,1
3.1181,15.024,1
-3.3908,12.459,1
-0.7673,12.306,1
-1.2855,13.097,1
1.264,9.9747,1
5.1397,11.766,1
-1.3726,13.559,1
1.7345,11.899,1
2.1613,14.279,1
5.4796,10.847,1
4.6476,12.318,1
1.7454,12.973,1
1.5723,12.515,1
-3.058,12.747,1
-0.68472,12.091,1
4.7531,12.497,1
1.3142,8.6725,1
5.8702,9.9543,1
-3.5998,7.7074,1
0.078468,10.737,1
-0.083611,11.341,1
1.8795,12.3,1
-3.5648,6.9665,1
-0.35464,11.399,1
3.2195,14.571,1
2.9228,14.495,1
-2.2003,14.2,1
0.28452,10.715,1
3.1891,13.758,1
3.0315,14.621,1
1.3655,9.6068,1
-0.9252,12.99,1
6.1903,8.7285,1
0.81636,8.9191,1
-2.5928,12.902,1
4.0327,13.451,1
-3.6526,7.4517,1
6.2297,8.3496,1
2.0725,14.341,1
-3.4035,11.38,1
2.8359,14.227,1
2.854,15.241,1
1.561,10.187,1
-3.5646,10.645,1
1.5229,9.7028,1
5.7234,10.069,1
-2.9523,13.915,1
-1.0224,12.732,1
3.3409,14.397,1
-0.72388,12.393,1
2.4705,14.317,1
2.0914,13.78,1
4.9788,11.848,1
1.3951,8.9117,1
-3.2586,10.646,1
-3.1564,12.189,1
-1.6148,13.625,1
-1.7104,13.584,1
3.1574,14.952,1
-1.6978,14.096,1
0.31312,10.515,1
-0.64235,12.594,1
0.972,8.9978,1
1.2318,7.8415,1
3.1918,13.863,1
0.612,9.774,1
3.5019,14.342,1
-0.50413,11.687,1
1.5881,12.037,1
2.0377,14.349,1
-2.9367,13.403,1
-2.7025,13.038,1
4.2818,13.72,1
5.36,10.823,1
1.6856,12.484,1
-1.2385,13.488,1
-2.7695,13.768,1
1.7726,13.211,1
1.3642,10.359,1
1.9415,13.947,1
1.2935,9.0106,1
-2.9804,12.661,1
-1.9532,13.792,1
-2.8997,13.432,1
-3.4716,10.628,1
3.9648,13.997,1
-2.2072,14.169,1
2.8256,14.387,1
1.3517,8.0258,1
1.2493,9.453,1
3.2244,14.03,1
1.4119,10.307,1
-2.4295,12.982,1
3.4829,14.26,1
2.7876,15.126,1
2.5738,15.088,1
-1.4544,13.167,1
0.43465,9.8206,1
-1.8475,13.34,1
-2.5544,13.456,1
-3.4727,9.7477,1
-3.4314,10.084,1
1.337,9.5859,1
0.51317,10.363,1
-3.0023,12.943,1
2.5161,14.363,1
5.7051,10.205,1
4.5937,12.452,1
-3.5076,12.102,1
1.8153,12.971,1
2.9205,14.673,1
-3.477,9.2259,1
1.8921,13.777,1
2.1089,13.326,1
-3.1883,12.233,1
-1.5717,13.898,1
-3.332,12.133,1
2.3397,13.878,1
3.9196,13.351,1
-1.8787,14.553,1
2.5842,15.171,1
3.846,14.232,1
-2.1187,13.469,1
4.7493,11.58,1
-1.7946,14.018,1
1.3559,8.3601,1
4.5591,12.667,1
-3.4281,11.219,1
4.061,13.188,1
-3.2003,11.911,1
3.4576,14.265,1
1.4626,9.1879,1
-3.6527,11.573,1
-1.8133,13.747,1
-2.9528,12.818,1
-1.2905,13.66,1
-3.1133,13.28,1
-3.6196,8.154,1
1.0752,8.4812,1
3.4527,15.249,1
-3.3878,10.067,1
-3.5411,9.6581,1
1.6841,13.437,1
-0.68474,12.379,1
-2.5231,13.207,1
3.0709,15.075,1
1.7704,12.456,1
1.791,13.381,1
1.2823,8.2823,1
-0.66984,12.521,1
5.278,10.895,1
1.5228,10.291,1
2.1924,13.602,1
-2.0504,13.362,1
-2.6582,13.964,1
-2.9577,12.761,1
-3.6128,8.9746,1
-1.1337,12.75,1
5.2035,11.456,1
-1.8988,14.17,1
-3.7303,9.8719,1
-1.5163,13.785,1
-1.0982,13.397,1
-1.6941,13.617,1
-3.5931,9.1454,1
-0.49011,11.975,1
0.40215,10.11,1
-1.8627,13.933,1
2.5655,14.608,1
-3.4583,9.3419,1
2.5424,14.483,1
-3.03,12.828,1
-3.4582,9.1121,1
-3.4142,8.9857,1
5.0301,12.236,1
-1.599,14.028,1
1.5258,9.7015,1
-3.3479,11.239,1
3.9504,13.69,1
0.75875,9.2733,1
0.23846,10.572,1
3.2145,14.474,1
-0.34642,11.844,1
-1.6754,13.981,1
5.2022,11.561,1
-3.1923,13.565,1
2.2153,13.845,1
1.2524,9.5253,1
-3.5479,8.7109,1
1.2717,7.8743,1
1.2589,9.3413,1
-2.0632,13.781,1
-0.25184,11.875,1
-3.6748,7.7839,1
0.14425,10.795,1
-2.198,13.573,1
4.313,13.415,1
-0.083356,11.361,1
4.3652,12.962,1
-0.41583,11.874,1
-1.6679,14.275,1
2.0801,14.716,1
0.6878,9.513,1
-2.3267,13.231,1
6.095,8.9504,1
2.1561,14.316,1
1.4055,8.9644,1
-2.8818,12.815,1
-1.9465,13.899,1
4.9497,12.056,1
3.0063,14.383,1
3.7194,14.532,1
1.485,11.134,1
4.2067,12.87,1
2.8904,14.715,1
1.9833,14.178,1
0.013124,10.958,1
2.8906,14.963,1
2.9491,14.704,1
-3.3143,12.035,1
4.7899,12.321,1
-2.1441,14.187,1
1.94,13.437,1
1.5483,10.541,1
-2.357,12.902,1
-1.9132,13.872,1
2.6815,14.201,1
-1.0808,12.938,1
2.3153,13.531,1
3.8503,13.499,1
-2.8899,11.985,1
-3.4113,12.262,1
5.335,10.831,1
-0.6984,12.659,1
-2.8827,12.979,1
-2.1804,13.498,1
0.88747,8.9223,1
-1.4723,13.663,1
4.8554,12.13,1
0.7496,9.1064,1
-1.4244,14.053,1
-1.9912,13.858,1
2.8732,14.864,1
-3.4734,8.537,1
-2.4591,13.814,1
1.381,10.193,1
4.5242,12.348,1
0.87883,8.9989,1
3.3685,13.997,1
2.8796,14.227,1
0.10955,10.885,1
3.9772,13.894,1
2.9558,14.689,1
5.4826,10.488,1
2.7879,14.789,1
1.625,11.723,1
-1.6143,13.519,1
-1.0855,13.183,1
4.3597,13.138,1
2.0238,13.971,1
2.2336,13.502,1
1.6553,13.236,1
-3.122,12.225,1
2.8167,14.459,1
1.74,13.186,1
-3.3187,10.701,1
-3.2528,11.606,1
-3.3174,11.068,1
1.3967,8.0695,1
-3.2686,12.85,1
0.68221,9.9386,1
-3.2647,11.029,1
6.1411,8.885,1
-0.99028,12.893,1
1.5435,11.195,1
1.6932,12.787,1
1.646,11.758,1
2.2213,14.245,1
0.45197,9.7512,1
-2.2444,13.834,1
-1.8929,13.835,1
-1.6842,13.202,1
1.2479,9.4315,1
2.3283,14.299,1
2.1306,13.927,1
1.5338,8.4882,1
0.85903,9.1028,1
-3.5996,9.3306,1
3.3868,14.121,1
-1.0367,13.458,1
1.9924,14.38,1
-2.9257,12.897,1
0.5692,10.153,1
1.0254,8.8719,1
3.1981,14.334,1
1.0009,8.8486,1
0.59582,10.272,1
3.5354,14.121,1
0.20179,10.372,1
4.0734,13.741,1
1.265,8.3821,1
0.035145,10.935,1
3.2463,14.301,1
2.4679,14.287,1
1.7124,12.403,1
1.7676,13.615,1
2.317,13.786,1
2.3631,14.029,1
5.9163,9.3675,1
1.6527,12.573,1
0.97355,8.8907,1
-3.2908,11.411,1
-2.1487,13.754,1
1.5148,10.815,1
3.1152,13.938,1
-2.5718,13.371,1
4.213,13.398,1
1.4656,11.275,1
-2.8894,11.891,1
1.7569,13.049,1
-0.1092,11.321,1
0.69981,9.6458,1
1.4006,9.1534,1
-0.42274,12.209,1
-2.411,13.74,1
4.1154,13.237,1
0.89164,9.2598,1
-3.6533,7.5732,1
-1.0267,12.902,1
1.8041,12.603,1
-0.82679,13.003,1
-3.2813,11.988,1
2.5305,14.533,1
2.8326,14.231,1
-0.079351,11.127,1
6.0142,9.5852,1
0.77927,9.482,1
-1.8669,13.381,1
1.8688,14.039,1
-0.0043266,11.044,1
4.8789,11.904,1
0.58125,10.055,1
1.6458,13.048,1
-1.9066,13.369,1
1.824,12.251,1
2.7806,14.093,1
3.587,13.959,1
1.6194,12.895,1
5.8597,10.061,1
3.7816,13.743,1
4.2277,13.646,1
-2.8942,12.681,1
-3.5974,8.6982,1
-0.14779,11.31,1
-0.88907,13.063,1
3.3199,14.795,1
2.3952,14.59,1
-2.9058,13.229,1
-2.5925,13.673,1
-0.48055,12.12,1
-0.54808,12.719,1
-1.9586,14.07,1
1.6097,10.872,1
0.80587,9.4583,1
-3.7687,9.5433,1
-3.4841,9.6868,1
-0.90345,12.293,1
0.011254,11.013,1
4.629,12.15,1
0.42364,10.224,1
1.2554,10.355,1
2.9516,14.533,1
-2.5178,13.15,1
2.5566,14.691,1
6.0468,8.9215,1
1.7593,12.357,1
-3.6139,9.6539,1
2.2848,14.027,1
-2.5913,13.234,1
-1.8701,13.917,1
-2.5338,13.848,1
2.324,14.291,1
-3.2464,11.737,1
-3.5595,8.0702,1
1.3113,9.1147,1
4.0656,12.952,1
-1.4968,13.787,1
0.48556,10.264,1
-3.1899,11.121,1
3.1967,13.882,1
4.8946,11.929,1
2.8661,14.088,1
-2.6472,13.642,1
-0.993,12.463,1
1.4336,11.586,1
4.4534,12.663,1
3.8057,13.811,1
2.1681,13.894,1
3.1147,14.953,1
4.5762,12.389,1
2.9725,14.68,1
4.7475,12.624,1
-3.1844,12.597,1
0.59093,9.9136,1
6.0808,9.2016,1
1.766,13.817,1
2.7136,13.808,1
1.6729,12.981,1
-3.4082,11.571,1
-3.6811,8.465,1
2.6572,14.123,1
-3.3946,10.394,1
2.2052,13.439,1
-1.0937,13.13,1
1.2153,9.0309,1
1.4234,8.5674,1
-2.7325,14.11,1
1.3444,10.365,1
-2.7087,13.537,1
1.1563,8.3901,1
2.5472,14.987,1
5.2014,11.844,1
2.0033,13.888,1
-1.977,13.903,1
-3.504,10.676,1
1.4916,11.362,1
-2.9128,12.356,1
1.6193,13.394,1
-1.8134,13.969,1
-2.2824,13.794,1
-1.8046,13.9,1
2.0036,14.23,1
-3.5223,9.1548,1
1.5798,10.858,1
-2.3171,13.163,1
-3.6632,9.1255,1
1.8572,13.56,1
2.3689,14.483,1
-3.3311,11.369,1
1.0072,8.6127,1
3.0742,14.602,1
-1.3079,13.888,1
2.9639,14.625,1
6.0812,8.9211,1
1.426,10.612,1
2.9764,15.067,1
-1.0109,12.896,1
0.9708,8.5962,1
-1.2921,12.686,1
-3.8712,9.2346,1
2.1028,13.529,1
-2.8542,12.527,1
2.488,13.878,1
-1.9695,13.391,1
-1.1528,12.856,1
3.5102,13.766,1
-2.5345,12.992,1
3.2114,14.468,1
3.1829,13.88,1
2.5419,14.258,1
1.1464,9.675,1
-1.7113,13.055,1
-0.93801,12.685,1
-2.5826,13.41,1
-0.98106,12.832,1
1.8482,13.482,1
2.8363,13.886,1
-0.79192,12.345,1
-3.3159,11.645,1
-0.97855,13.173,1
-2.3807,13.98,1
-3.5204,9.3403,1
3.3031,14.746,1
-0.9008,12.912,1
-2.4868,14.103,1
2.47,14.909,1
-3.3283,12.349,1
-3.6266,10.994,1
1.3642,10.798,1
1.7094,12.845,1
1.2691,10.91,1
-1.6949,13.609,1
3.0788,13.772,1
0.065588,11.317,1
-0.56256,12.302,1
1.8966,13.095,1
4.9147,12.063,1
-0.38269,11.674,1
-0.28082,11.766,1
-1.0982,13.17,1
1.7064,13.022,1
2.2558,13.602,1
-2.8534,13.47,1
2.6675,14.395,1
2.4123,15.103,1
-2.0064,13.749,1
1.1588,8.3182,1
1.5197,11.307,1
0.64658,9.6874,1
5.8304,9.9747,1
-0.092512,11.589,1
5.2451,11.38,1
1.637,12.832,1
-3.6023,9.4991,1
5.451,10.821,1
-3.7071,8.7794,1
5.8321,9.7421,1
-3.6625,8.9894,1
-2.9381,13.341,1
-3.2829,11.32,1
-2.9809,12.784,1
2.1505,13.473,1
-2.4034,13.894,1
-2.8108,12.292,1
0.88879,8.7354,1
1.4869,11.314,1
5.5822,10.366,1
4.47,12.815,1
1.9069,12.537,1
2.1723,15.077,1
4.1102,13.187,1
-3.5233,9.5737,1
2.5199,13.938,1
-0.95891,13.133,1
5.7359,10.114,1
0.22312,10.634,1
-2.0425,13.051,1
-3.0173,11.963,1
-3.3132,12.163,1
-3.5547,7.3929,1
4.0396,13.709,1
-3.3697,11.315,1
3.593,13.828,1
2.3062,13.971,1
1.5198,9.885,1
-0.79918,12.05,1
6.1629,8.8119,1
2.451,13.456,1
-3.6233,8.4856,1
4.8789,12.374,1
-1.3232,13.368,1
-3.3961,10.516,1
-3.4422,8.2261,1
-0.11378,11.063,1
1.8789,14.129,1
4.7902,13.117,1
-2.3374,14.206,1
-3.3174,11.836,1
4.9293,11.948,1
-3.6105,7.3345,1
-2.4495,14.01,1
-1.6179,12.95,1
3.6127,14.221,1
-1.5764,13.501,1
-3.4486,11.212,1
-3.3945,9.2313,1
2.5698,14.464,1
4.2044,13.46,1
-0.67494,11.929,1
1.4762,13.248,1
2.6764,14.52,1
-2.8793,13.432,1
1.2384,9.7899,1
-3.2034,12.057,1
2.2242,13.843,1
-2.4363,14.029,1
-2.0558,13.894,1
-3.3644,11.055,1
-1.982,13.191,1
1.8146,12.568,1
1.0125,8.879,1
1.3456,8.502,1
2.452,15.059,1
-2.042,13.729,1
-0.76605,13.034,1
5.6228,10.644,1
0.92071,8.884,1
-1.0479,13.028,1
2.7758,14.059,1
-1.1546,12.946,1
6.0508,9.2868,1
1.8754,13.261,1
-2.6703,13.544,1
4.8652,12.128,1
2.5641,14.267,1
3.0521,14.381,1
2.3584,14.043,1
-3.4552,11.061,1
3.116,15.038,1
-3.4955,10.512,1
-1.63,13.305,1
4.6983,11.655,1
3.3256,14.733,1
3.7841,13.552,1
1.8298,13.298,1
2.0368,13.836,1
0.41788,10.202,1
-3.4518,10.302,1
4.6614,12.302,1
0.83118,9.0629,1
-2.2529,14.291,1
4.6371,12.618,1
0.37837,10.207,1
2.1464,13.283,1
-3.4946,10.016,1
-3.2252,11.77,1
0.20837,10.639,1
-0.39973,11.722,1
-1.3809,13.311,1
2.1254,13.858,1
-1.9891,13.465,1
4.2786,13.225,1
6.0219,8.9993,1
-3.2614,11.126,1
2.4944,14.897,1
-1.2194,13.445,1
0.41416,10.381,1
2.0936,14.645,1
4.375,13.202,1
-3.3859,11.754,1
1.6202,12.754,1
4.8586,11.959,1
2.0227,14.009,1
5.7126,10.205,1
6.0594,9.3133,1
1.4588,10.524,1
1.0443,8.8746,1
1.2004,8.9104,1
-1.1979,13.439,1
-2.9503,12.565,1
-2.8402,12.448,1
4.1709,13.356,1
0.87725,9.1473,1
6.2551,8.3393,1
-2.7592,11.996,1
5.9401,9.7163,1
-3.6465,7.6057,1
-3.6524,7.2658,1
5.5499,10.633,1
3.8425,13.478,1
-3.5443,7.3576,1
3.3079,14.455,1
4.3021,12.533,1
1.1685,9.4384,1
-3.3361,11.662,1
-3.2419,11.54,1
4.6346,12.391,1
3.3638,14.601,1
-3.1501,12.181,1
1.6953,12.585,1
-2.9882,13.087,1
-2.0263,14.534,1
2.3495,14.19,1
-3.4007,8.4964,1
3.2551,13.754,1
4.9612,11.909,1
-2.6583,13.616,1
2.7398,14.817,1
-3.5104,7.9079,1
4.9761,11.724,1
1.7065,12.634,1
3.4207,14.526,1
5.2334,11.14,1
-0.91547,12.272,1
4.0814,14.043,1
5.8586,9.832,1
2.249,14.159,1
-2.9688,12.915,1
5.9841,9.8275,1
1.4041,10.418,1
0.47202,9.9671,1
1.3733,9.1499,1
-3.5347,9.0846,1
-2.6841,12.634,1
2.7759,14.289,1
2.0294,14.042,1
-1.3325,13.539,1
-1.6319,13.612,1
0.24159,10.381,1
-3.236,12.158,1
-1.6791,13.82,1
-0.98484,13.015,1
-2.6215,12.49,1
1.6751,12.385,1
1.7934,13.1,1
-0.5384,11.763,1
-0.4081,12.043,1
5.7471,9.8288,1
2.822,14.758,1
-1.8005,14.033,1
4.8892,11.737,1
3.4116,14.414,1
-3.7168,7.6632,1
1.9166,13.707,1
-0.54857,12.271,1
2.6039,14.824,1
5.4886,10.612,1
-3.6104,9.4003,1
-0.19594,11.511,1
-3.2285,12.077,1
2.7885,14.282,1
5.4926,10.778,1
1.3435,9.4566,1
-3.2016,11.349,1
-1.6349,13.373,1
5.3924,10.651,1
3.6468,13.364,1
1.2726,10.19,1
1.2189,7.9335,1
-3.6943,9.3264,1
-0.36357,11.956,1
0.11718,11.382,1
-1.3346,13.364,1
-3.0326,12.172,1
0.9474,8.3861,1
-1.3377,12.545,1
-3.6902,8.9448,1
-1.3802,13.461,1
4.8916,12.22,1
3.2169,14.331,1
-0.18859,11.512,1
-2.6753,12.823,1
-3.7213,8.5617,1
-3.3118,11.775,1
2.2755,14.153,1
3.8587,14.163,1
4.4626,12.787,1
3.244,14.61,1
1.4812,12.452,1
4.7032,12.369,1
-1.6833,13.905,1
1.2685,8.6789,1
5.4702,11.436,1
-3.6967,8.0338,1
0.49276,9.9483,1
-2.1135,13.756,1
5.968,9.2462,1
-2.3535,14.027,1
2.1937,14.548,1
1.7596,12.498,1
6.1059,8.9786,1
-0.11923,11.215,1
1.1103,8.2694,1
-2.0601,13.218,1
0.7434,9.4568,1
-1.7581,13.806,1
2.3562,14.525,1
-3.0908,12.55,1
-3.3424,11.513,1
2.6587,14.209,1
3.36,14.61,1
4.3433,13.164,1
3.2844,14.45,1
-3.5584,10.011,1
5.1173,11.213,1
1.8175,13.739,1
-0.067249,10.874,1
-2.2518,14.203,1
2.9795,14.617,1
2.0859,14.512,1
2.2865,13.854,1
5.7526,9.7908,1
-1.9464,13.743,1
-2.8922,12.999,1
-2.4308,14.422,1
2.0312,13.935,1
0.50099,10.117,1
1.8313,12.691,1
4.9116,11.893,1
2.4594,14.303,1
2.6974,14.322,1
-0.76566,12.871,1
-2.1766,13.707,1
-2.4814,13.964,1
-0.43213,11.553,1
1.098,8.676,1
-3.5656,9.9695,1
0.12532,11.188,1
1.5797,10.961,1
-3.0768,11.466,1
-2.1542,13.742,1
-1.1139,13.042,1
-0.98099,12.377,1
-2.401,14.226,1
4.3563,12.977,1
3.3827,14.4,1
-1.5053,14.062,1
-2.7855,12.785,1
-1.1799,13.073,1
5.2666,11.289,1
5.6124,9.969,1
-3.6516,9.7072,1
2.9954,14.652,1
-2.7773,12.576,1
-2.5048,13.948,1
1.8002,13.808,1
-3.1184,11.596,1
2.4359,14.019,1
0.00053159,11.084,1
4.6224,12.226,1
-3.2244,11.572,1
3.2893,14.03,1
-2.3009,13.696,1
-0.48438,12.158,1
-0.94835,13.012,1
-0.90596,12.799,1
4.7306,12.589,1
1.1734,7.9151,1
-0.44465,12.275,1
4.0503,13.551,1
3.917,13.843,1
-0.38133,12.125,1
-3.2053,12.776,1
-2.4832,13.836,1
-3.6004,10.415,1
4.2219,13.219,1
-2.2404,14.129,1
4.7719,12.073,1
5.2887,11.247,1
-3.2737,11.266,1
0.77814,9.3227,1
3.9987,13.73,1
-0.52586,11.838,1
-3.382,9.9866,1
2.1303,13.84,1
-3.2889,11.093,1
4.9514,11.918,1
-2.8057,12.937,1
4.9739,11.494,1
2.0243,12.717,1
1.4886,11.415,1
0.94096,8.7134,1
1.7252,13.371,1
0.33848,10.401,1
4.0617,13.766,1
-1.5048,13.245,1
-2.9953,12.601,1
-0.027702,11.109,1
5.4085,10.974,1
5.4374,11.226,1
-3.7006,7.4934,1
-1.5923,13.201,1
4.9206,12.05,1
-1.1787,12.507,1
-3.1967,12.91,1
2.538,14.589,1
2.7728,14.52,1
-3.3188,11.22,1
5.8482,10.194,1
5.571,10.347,1
0.37104,10.199,1
1.4883,11.212,1
0.97227,8.5569,1
5.7254,10.346,1
-2.6458,13.771,1
-3.4955,10.382,1
3.6737,13.96,1
-2.2609,13.633,1
5.5398,10.654,1
1.7748,13.459,1
2.4675,14.259,1
0.68178,9.5031,1
2.1991,14.292,1
3.9727,14.164,1
2.5555,13.659,1
-3.17,12.104,1
1.6831,11.43,1
4.1925,13.628,1
-2.7475,12.844,1
0.347,10.557,1
-2.1983,13.731,1
1.688,13.361,1
5.238,11.058,1
3.1544,14.386,1
4.6823,12.833,1
-1.6023,13.597,1
1.9149,14,1
-1.2824,12.528,1
4.5211,13.016,1
4.2958,13.353,1
-3.457,10.435,1
2.1009,13.461,1
3.6242,13.693,1
-3.1291,11.165,1
0.46447,10.175,1
3.1667,14.585,1
3.8517,13.516,1
-0.32928,11.485,1
3.2677,13.72,1
4.4183,13.366,1
1.2862,8.2324,1
2.1711,13.928,1
3.5326,14.684,1
3.7203,13.802,1
1.0786,8.8001,1
-1.4618,12.907,1
-3.5429,9.9803,1
3.0411,15.291,1
-2.5467,13.306,1
-1.7558,13.983,1
1.3518,9.1066,1
4.0194,13.021,1
3.4139,14.303,1
-0.63085,12.05,1
-3.5247,9.8991,1
-0.43378,12.011,1
-1.7698,12.883,1
5.3577,10.903,1
5.9218,9.4145,1
2.2646,14.137,1
-3.2116,12.038,1
1.7214,12.4,1
-2.5881,14.143,1
-1.7576,13.477,1
3.1402,14.704,1
1.1737,7.9692,1
-0.45595,12.38,1
3.4898,14.228,1
0.28816,10.108,1
-3.1598,11.87,1
-0.67298,12.311,1
-2.1092,14.051,1
1.9679,12.7,1
4.4854,12.471,1
0.0374,10.705,1
3.6307,15.067,1
-2.8545,12.652,1
-3.543,8.5485,1
0.29841,10.872,1
3.4741,14.13,1
-0.77019,13.049,1
-3.4421,11.646,1
-0.71316,12.666,1
-3.618,6.9505,1
-3.5091,9.0702,1
-1.8866,14.012,1
-3.0763,13.58,1
-2.619,14.152,1
2.9434,14.399,1
-2.8391,13.574,1
-0.095045,11.721,1
-2.1924,13.318,1
-3.5312,8.1654,1
-1.4165,13.726,1
-3.5763,8.0895,1
-3.1405,13.128,1
-2.1477,13.633,1
1.3129,8.7569,1
-1.5503,13.082,1
3.4966,14.019,1
1.6291,11.654,1
5.6713,10.267,1
1.9641,13.299,1
-2.8847,12.742,1
-1.6372,13.189,1
1.5443,11.187,1
3.057,13.87,1
0.54714,9.7421,1
0.063053,10.685,1
-1.5149,13.478,1
-3.6485,9.2601,1
1.7486,12.125,1
1.4847,10.253,1
-2.8532,13.387,1
1.3181,8.0109,1
-3.7394,8.744,1
-3.4272,11.48,1
0.70047,9.3954,1
3.2491,14.279,1
0.60098,9.7198,1
-1.3533,13.411,1
5.5121,10.312,1
-3.4995,7.1772,1
3.8373,13.28,1
2.1118,14.174,1
-3.6099,9.5963,1
4.167,13.064,1
4.4317,12.621,1
1.5781,12.966,1
1.4175,12.057,1
5.9552,9.0833,1
5.554,10.627,1
-2.5682,13.885,1
2.6903,14.44,1
-2.2365,13.233,1
-3.0272,12.68,1
5.4306,10.921,1
2.5689,14.44,1
0.40838,10.336,1
1.5954,11.064,1
-2.1274,13.651,1
0.31178,10.823,1
1.1113,8.4778,1
5.2653,11.127,1
-1.37,14.042,1
-2.2977,13.811,1
1.3646,8.2991,1
1.4015,11.294,1
3.8327,13.521,1
4.4817,12.28,1
0.61979,9.6814,1
2.6816,14.667,1
-2.553,13.051,1
-2.8471,13.079,1
-2.986,12.517,1
1.0081,9.0623,1
4.27,12.662,1
-1.5415,13.414,1
-2.97,12.379,1
0.90606,8.6766,1
-0.50772,12.268,1
3.4795,14.774,1
2.7544,14.909,1
1.446,10.76,1
4.1031,13.629,1
5.8402,9.4425,1
-3.2642,12.03,1
1.1753,9.1754,1
1.5611,11.073,1
-2.8219,13.161,1
0.40702,10.142,1
-3.0297,12.101,1
3.2993,14.474,1
3.0656,14.043,1
0.019418,10.961,1
-2.4788,13.619,1
3.6717,13.703,1
2.1653,14.08,1
-2.088,13.844,1
1.822,13.197,1
4.5021,12.753,1
-3.3006,12.43,1
2.1183,13.612,1
-2.4558,13.848,1
1.3728,11.208,1
1.6076,10.543,1
5.1582,11.185,1
-2.8574,13.011,1
-2.7371,13.185,1
-0.79216,12.58,1
-0.55622,12.589,1
1.2368,8.6542,1
5.2304,11.048,1
0.53671,9.9797,1
-1.6378,14.14,1
2.8332,15.179,1
1.7048,11.536,1
2.1708,13.828,1
1.2342,7.6688,1
5.7422,9.9051,1
-2.9795,12.913,1
-2.268,13.774,1
-1.3351,12.929,1
-1.9158,13.013,1
3.1494,14.845,1
1.7901,13.379,1
3.2195,14.314,1
-3.6557,9.3322,1
-3.5025,9.5163,1
3.6396,14.104,1
1.783,12.919,1
1.128,8.469,1
-1.6864,13.805,1
-3.5494,8.6446,1
-0.99952,13.251,1
4.2505,12.957,1
-3.6221,8.2557,1
2.155,14.864,1
1.4832,12.182,1
-2.2496,14.124,1
1.1073,8.3294,1
1.5437,12.835,1
-3.0144,12.661,1
2.9889,14.917,1
4.912,11.521,1
1.364,10.281,1
-1.3602,13.595,1
-1.3411,13.03,1
1.6543,12.436,1
5.7614,9.6574,1
0.56958,9.5337,1
-3.4537,8.4794,1
-1.5377,13.588,1
2.8037,14.256,1
3.6072,13.725,1
1.4384,12.309,1
-3.4003,10.233,1
6.0951,9.2878,1
4.2008,13.418,1
1.3811,10.353,1
-3.2916,11.78,1
4.7432,12.279,1
-2.6263,13.317,1
0.84583,9.2946,1
5.4712,10.422,1
-1.5931,13.45,1
2.3286,14.235,1
3.0032,14.406,1
-3.2176,12.05,1
-2.6602,13.142,1
-0.0548,11.522,1
-1.1821,13.224,1
-3.3037,11.455,1
-1.744,13.974,1
0.87454,8.8076,1
-2.2607,13.646,1
2.041,13.956,1
5.8446,9.9036,1
-2.97,12.737,1
-2.8908,12.001,1
1.9934,13.536,1
2.3486,14.933,1
-3.591,7.4752,1
-3.6616,8.7148,1
2.7705,14.841,1
1.415,9.3163,1
1.8321,12.319,1
1.9648,14.041,1
3.5535,13.804,1
-2.1242,13.51,1
3.6355,14.019,1
-1.1071,13.255,1
2.4877,14.446,1
-2.1516,13.754,1
1.4383,9.4408,1
1.3886,8.6281,1
2.0234,13.042,1
3.7675,14.082,1
-0.83476,12.842,1
1.6303,12.001,1
4.1038,13.434,1
-3.3155,11.248,1
-2.499,13.875,1
-1.6067,14.192,1
-1.2581,13.404,1
5.7053,10.201,1
-0.62919,13.032,1
2.636,14.918,1
5.8438,9.984,1
-0.91441,12.351,1
1.8649,12.687,1
2.6683,13.855,1
-2.5643,12.963,1
-1.7204,14.074,1
-0.2905,11.788,1
3.8858,14.069,1
2.9388,15.049,1
4.4349,12.917,1
-2.3409,14.092,1
-2.2045,14.131,1
-1.0784,12.661,1
-3.7217,8.2169,1
2.0724,13.323,1
4.645,12.756,1
0.62121,9.5218,1
-0.075299,11.288,1
5.1705,11.465,1
-2.1969,13.526,1
3.021,14.789,1
1.4619,11.003,1
-2.6554,14.305,1
1.223,10.132,1
-1.716,14.073,1
3.5493,14.506,1
5.5115,10.604,1
-3.3481,10.073,1
4.5663,12.821,1
-1.5205,13.206,1
-2.8713,13.104,1
1.4886,11.723,1
-2.9991,12.906,1
-2.9734,12.892,1
4.5394,13.334,1
-0.094596,11.202,1
1.9365,12.49,1
0.41623,10.373,1
-1.3562,13.167,1
3.9416,13.758,1
-0.69662,12.803,1
-2.978,12.56,1
1.9379,13.478,1
2.801,14.506,1
-3.488,10.403,1
-2.0515,13.857,1
3.2799,14.274,1
5.3536,11.008,1
3.2543,14.13,1
2.8271,14.64,1
-1.7701,14.355,1
5.1494,11.462,1
1.2272,8.1899,1
2.8375,14.408,1
0.98114,8.96,1
-1.0983,13.31,1
4.7902,12.087,1
2.3669,14.281,1
-0.76691,12.946,1
-2.1726,14.289,1
3.0914,13.961,1
-3.4466,9.9575,1
2.8008,14.307,1
5.9209,9.5184,1
0.45931,10.05,1
1.6512,12.331,1
2.6214,14.753,1
-3.6301,8.147,1
1.354,8.5209,1
1.3794,9.2867,1
2.7872,14.039,1
1.3966,9.8277,1
-2.0294,13.957,1
3.0575,7.6062,2
-1.4622,9.7942,2
-1.7075,7.9653,2
-0.90295,7.7985,2
-2.3258,4.4571,2
2.4816,4.9951,2
-4.3662,4.4548,2
-2.3004,4.4629,2
2.8759,6.3614,2
-1.5369,9.1109,2
-0.76202,8.1847,2
2.9126,6.2898,2
-0.40048,7.4391,2
-2.5121,4.3994,2
-4.4637,4.7448,2
-5.6974,6.7979,2
-2.8931,3.1637,2
3.1893,8.1176,2
-2.8776,4.0954,2
-1.7127,7.235,2
-4.1441,4.3588,2
0.27727,5.3946,2
-0.44633,7.488,2
-3.9625,4.1436,2
-0.65911,7.4663,2
-3.781,3.6878,2
2.3155,4.9267,2
-4.0505,4.1937,2
-0.34684,7.371,2
2.1502,4.4574,2
-5.2841,6.5633,2
-5.632,6.8287,2
-5.6914,7.1739,2
-4.3661,4.0548,2
1.9511,4.1473,2
-5.3333,6.3363,2
2.2911,4.2815,2
3.0915,6.1716,2
-1.8616,5.9537,2
-1.6911,7.0012,2
1.2832,5.1974,2
-0.8802,8.4086,2
-0.32341,7.1057,2
-4.5713,4.9918,2
-2.3433,3.5599,2
1.9969,3.6879,2
-3.2367,3.3281,2
-3.3108,3.6434,2
-2.5398,3.4353,2
-3.1759,3.487,2
-5.5195,6.7078,2
-2.8646,3.3827,2
2.6542,5.103,2
-1.2554,9.1319,2
-4.091,4.6192,2
-4.1281,4.7917,2
-3.1591,3.1801,2
0.39974,5.3162,2
0.75401,5.516,2
1.9389,4.4542,2
-2.8918,3.6972,2
-0.080519,6.3977,2
2.9174,5.9416,2
-4.4746,4.8142,2
-4.5577,4.6848,2
1.4171,4.531,2
3.0535,8.5325,2
-4.6238,4.5651,2
-4.8699,5.3511,2
-2.9499,3.3827,2
3.2465,10.498,2
-5.7851,7.4783,2
0.073351,6.5473,2
0.78993,5.1559,2
-1.6338,7.041,2
2.987,6.6888,2
-4.5125,4.5225,2
-4.8799,5.0383,2
3.2516,11.07,2
-2.3472,5.3183,2
-3.0953,3.6338,2
-6.5504,9.6618,2
2.4402,5.3758,2
-2.9161,3.5309,2
-2.935,3.5747,2
2.501,5.2301,2
-0.4372,7.6998,2
-1.9995,6.6466,2
3.0776,6.9014,2
-3.663,4.1782,2
-5.0426,5.1727,2
-2.9848,4.0194,2
-2.0255,6.4966,2
0.37916,5.7254,2
1.4139,3.6505,2
2.8646,7.7024,2
0.76037,4.9193,2
-6.3222,8.882,2
-0.28659,6.6931,2
3.1741,9.8462,2
0.25387,5.7223,2
2.9646,7.3917,2
0.15555,5.9801,2
-1.6617,9.297,2
0.18411,5.6782,2
-2.6617,3.5267,2
3.0376,7.0737,2
-2.1418,4.863,2
-4.3671,4.3738,2
-1.6681,10.604,2
2.0033,4.0082,2
-1.945,6.874,2
-1.8626,6.2838,2
-4.9995,6.0512,2
0.97184,5.3306,2
1.2073,4.2863,2
-2.3988,4.7076,2
-1.8687,5.4163,2
-2.1482,6.0413,2
-5.3599,6.5307,2
1.605,4.1866,2
3.3401,10.326,2
3.2297,7.5541,2
1.4241,4.598,2
-1.6728,8.1586,2
2.032,4.4266,2
-2.7205,3.4254,2
-5.8251,7.6749,2
-5.1,5.7856,2
-5.1682,5.9694,2
-5.4174,6.2751,2
2.477,6.0038,2
-1.8642,7.1398,2
-2.2221,4.8217,2
-2.9175,3.4905,2
3.0371,6.2698,2
1.003,4.5429,2
2.8104,6.4904,2
1.3619,4.5165,2
2.915,7.3419,2
3.1139,8.5743,2
-1.8993,7.6203,2
2.5842,5.597,2
2.0772,4.1526,2
-5.4926,6.5579,2
-1.891,5.8622,2
-4.5211,4.7987,2
-0.07691,6.128,2
-5.9197,7.7469,2
-5.6141,6.9393,2
-0.69303,7.6351,2
-1.7076,8.1306,2
-1.7059,6.4342,2
0.54529,5.3038,2
3.267,10.325,2
3.3887,9.5139,2
-4.7869,5.4137,2
-2.5275,3.8088,2
2.2715,5.1001,2
-5.4409,7.192,2
-1.5285,9.1315,2
1.1703,4.3026,2
-3.9975,3.3671,2
-1.1155,8.8613,2
-2.3216,3.6569,2
-1.7151,8.5367,2
-0.18629,6.864,2
-1.7059,10.651,2
2.9888,7.7126,2
-3.6136,3.1489,2
-1.6141,8.0752,2
0.42505,5.9985,2
0.41994,5.3021,2
2.9433,6.625,2
1.1839,4.3554,2
2.8687,7.6497,2
3.1359,9.0252,2
2.945,7.6315,2
-4.0916,4.0217,2
1.7719,3.418,2
2.0861,4.8468,2
-4.3512,4.826,2
3.1863,8.8669,2
3.2665,10.321,2
-6.198,8.4825,2
-2.7348,4.0652,2
-2.2903,4.4407,2
-2.1101,6.5111,2
1.1003,5.106,2
-3.846,3.7837,2
-4.6827,5.2994,2
-1.8289,6.4552,2
3.1782,8.2072,2
3.2414,10.081,2
0.91345,4.7767,2
3.1676,9.7791,2
3.2304,8.8687,2
-6.099,8.5602,2
-1.7286,10.915,2
1.9422,3.8424,2
-0.43101,7.5243,2
1.8246,5.3067,2
1.5017,4.1954,2
-0.44994,7.4283,2
1.2056,4.4553,2
3.2493,8.2037,2
-1.2374,8.9709,2
-3.0389,3.8841,2
2.012,4.1166,2
-2.2474,3.7224,2
1.388,4.2298,2
1.7382,4.4642,2
2.7189,5.2926,2
-2.5708,3.8964,2
2.5151,4.9683,2
-2.814,4.2969,2
1.3697,4.0597,2
-3.4144,3.8295,2
2.9045,5.5493,2
0.19588,5.6773,2
-1.8443,6.4555,2
-1.0686,8.6582,2
3.1572,7.4033,2
-1.6941,8.8717,2
2.8623,7.2846,2
-3.4063,4.0257,2
-6.2134,8.7242,2
1.4445,4.1877,2
0.52998,5.3533,2
-1.733,7.8986,2
3.2639,9.0511,2
2.5891,4.5955,2
3.2687,10.083,2
-1.497,9.5486,2
2.4863,5.155,2
-5.0485,5.9755,2
0.38248,5.9973,2
-4.8678,5.2901,2
-0.48314,7.1777,2
0.58728,5.1114,2
-1.8993,6.784,2
1.5185,4.3347,2
3.1018,6.6946,2
-2.372,3.8066,2
-1.938,6.4588,2
-1.9364,5.1257,2
1.6204,4.3172,2
1.185,4.4251,2
-5.0509,5.4252,2
-1.7148,10.295,2
-3.0585,3.2583,2
-3.0819,3.3795,2
-2.3866,3.9065,2
-3.7921,3.6397,2
-2.4541,4.5149,2
1.8456,4.296,2
-2.1344,7.2543,2
-5.8619,7.9547,2
3.1629,9.566,2
-5.2952,5.5533,2
1.9043,4.1439,2
-1.6589,9.0411,2
-1.9811,6.294,2
2.3907,4.2365,2
2.2464,4.7643,2
-1.6753,8.1914,2
0.37378,5.3953,2
-5.0903,5.7602,2
-4.8977,5.2035,2
-0.10696,6.4087,2
3.0509,6.8841,2
-1.6575,8.2837,2
3.2395,9.1523,2
-0.52775,7.3804,2
0.2311,6.0059,2
2.7485,4.657,2
1.8411,3.714,2
-1.7971,8.0678,2
-0.17985,6.9869,2
2.9868,8.0413,2
3.2447,9.0212,2
-1.9213,5.9797,2
3.2058,9.8103,2
2.2213,3.1014,2
-5.1023,5.7223,2
-2.3691,4.3537,2
2.7221,5.6784,2
-2.5366,4.3754,2
-3.3365,3.6405,2
3.2701,9.839,2
-1.6898,5.9425,2
-2.5907,4.0788,2
-5.2016,5.9953,2
-1.5915,9.0837,2
-3.8717,3.7743,2
2.211,4.8604,2
0.67267,5.1369,2
-5.5557,6.9829,2
-1.8887,6.586,2
-2.3828,4.4195,2
-4.7414,5.3097,2
-0.83485,8.4457,2
-1.8977,7.3085,2
-2.4155,4.1546,2
3.2527,10.503,2
2.8203,7.0514,2
2.622,4.893,2
-4.9825,5.585,2
1.8655,4.7689,2
-0.60338,8.1299,2
-0.66555,7.9981,2
-2.5783,4.3534,2
2.6239,4.5999,2
-2.8123,3.3497,2
-2.3196,4.2932,2
-5.3507,6.2373,2
-4.9843,5.5507,2
0.052128,6.2845,2
-0.93283,8.1443,2
-1.4473,9.6142,2
2.5403,5.7999,2
-2.5357,4.283,2
-5.264,6.1007,2
-5.9628,7.609,2
-3.2424,2.993,2
-1.5434,10.238,2
2.215,4.6417,2
-2.179,4.5825,2
3.0407,7.68,2
-4.1875,3.7809,2
3.1576,8.2318,2
1.0122,4.9437,2
2.8442,5.6439,2
-1.6677,10.507,2
2.9937,7.0511,2
3.0003,6.9089,2
-6.4948,9.1029,2
0.27869,5.4958,2
-5.6868,6.9955,2
-1.5916,8.2083,2
0.71236,4.9837,2
-3.2827,4.197,2
-4.1015,4.1121,2
-3.357,3.472,2
-5.2027,6.0204,2
-1.7039,8.6029,2
-5.3484,6.6197,2
-4.1741,4.2541,2
-5.2503,5.5583,2
-0.43753,6.4645,2
2.9022,6.6161,2
0.094884,5.7867,2
-2.1801,4.8942,2
-5.1539,6.5207,2
3.059,7.1509,2
-5.5972,6.8941,2
-4.624,5.3523,2
2.3026,4.1574,2
-3.9422,4.0528,2
-1.5903,10.416,2
2.4772,4.0558,2
-1.7579,8.2061,2
2.4723,4.9967,2
2.7369,5.7322,2
-1.6354,8.6787,2
3.2703,10.006,2
0.7036,5.5581,2
-0.23156,6.7676,2
-3.428,2.5299,2
1.9678,4.8751,2
1.8011,4.0152,2
-3.6329,3.424,2
-2.2392,5.5514,2
-0.62627,7.5034,2
-2.6508,4.2071,2
0.9707,5.345,2
1.1009,4.2719,2
-5.2853,6.1271,2
2.8022,4.801,2
-3.1539,3.2994,2
3.2742,7.904,2
-3.0953,3.4563,2
2.4374,4.6253,2
-5.0488,5.6162,2
-5.6359,6.9957,2
-1.7281,9.7473,2
-2.4137,3.6805,2
-5.2825,6.252,2
-3.1286,3.3817,2
-2.9658,3.8576,2
3.195,8.1057,2
1.9397,4.1485,2
2.7571,5.9549,2
3.2481,7.5015,2
-1.5855,8.6299,2
-4.0209,4.111,2
2.9752,6.2003,2
0.86654,5.0972,2
0.6555,5.0564,2
-1.1564,8.9145,2
-0.76499,7.765,2
-6.1461,8.2396,2
1.7042,4.7289,2
2.8855,6.2528,2
3.0179,6.1539,2
1.9453,4.6817,2
2.915,5.859,2
-6.0626,7.9299,2
0.78848,5.1601,2
-2.7953,3.7977,2
-6.5457,9.5081,2
-0.012447,6.3292,2
-6.2607,8.747,2
-2.4789,4.6143,2
-3.7786,3.6915,2
0.56656,5.6197,2
-4.9396,5.4189,2
3.4274,8.5051,2
2.8487,6.9449,2
3.2637,10.059,2
-1.6885,7.2384,2
3.1739,7.8263,2
2.8581,5.8763,2
-2.5834,4.1157,2
-5.1691,5.9116,2
-1.5729,10.275,2
1.9627,4.7256,2
1.2527,4.1114,2
-5.8494,7.3813,2
-4.2063,4.1245,2
-2.858,3.3253,2
2.7158,5.6894,2
1.9037,4.5553,2
-4.1533,4.1046,2
-1.8152,7.6757,2
-1.7909,7.3805,2
-1.555,9.0999,2
-5.6733,7.2152,2
-2.0826,6.6161,2
-1.6871,8.1866,2
-4.775,5.7976,2
3.2184,9.1668,2
0.078864,5.9577,2
-3.0532,3.2789,2
-2.9842,2.818,2
-2.2153,5.1391,2
-5.4384,6.5907,2
3.3154,9.3453,2
0.75727,5.4072,2
-2.0236,5.8327,2
-0.2421,6.8549,2
-2.0581,5.8817,2
2.3773,5.3368,2
-3.8311,5.0584,2
-3.0252,3.7156,2
1.8186,4.4509,2
-3.8618,4.0651,2
2.8393,6.7417,2
1.3009,3.9974,2
-4.975,5.8028,2
-2.537,3.7938,2
-1.6889,9.798,2
-0.47238,6.945,2
3.3188,9.9568,2
-5.6639,7.0478,2
0.22677,5.9453,2
-5.0721,6.3759,2
3.1196,7.9068,2
1.4101,4.6617,2
2.789,6.9303,2
-4.2434,4.4204,2
3.3101,9.1941,2
-2.0614,5.1277,2
1.953,5.4177,2
-1.0076,8.8507,2
-1.8146,6.2463,2
-1.75,7.2353,2
0.27203,5.9131,2
2.8519,7.4648,2
-3.3407,3.656,2
2.6518,5.9278,2
-5.0182,5.9374,2
-1.9159,6.8258,2
-1.6549,8.382,2
-4.2748,4.2022,2
0.34445,5.7023,2
1.2376,4.4181,2
2.8714,6.1784,2
1.9026,4.4554,2
-1.6169,8.9458,2
-0.27672,7.0555,2
-5.5354,6.8942,2
2.981,6.6406,2
3.2962,9.1069,2
-1.5454,7.2741,2
1.5193,5.3629,2
-6.3221,8.5344,2
-6.1446,8.338,2
-1.5679,9.8395,2
-2.966,3.7006,2
0.72513,5.3215,2
2.0774,4.5215,2
0.24639,5.5121,2
3.2388,8.6205,2
-3.9126,4.3572,2
-3.8266,3.2998,2
2.9434,5.7631,2
0.75561,4.8721,2
0.35106,5.3537,2
-0.86809,8.2318,2
-1.5468,10.256,2
-2.1865,4.5678,2
1.9157,4.017,2
2.3321,3.7874,2
-3.7469,3.4981,2
3.2992,9.814,2
1.2886,4.1564,2
-4.1666,4.7533,2
-6.2679,8.5233,2
-1.6094,9.1555,2
2.1007,5.0517,2
-6.5364,9.6978,2
0.44513,5.6314,2
2.1735,5.9417,2
-4.7972,5.3254,2
-2.8598,3.7423,2
1.3002,4.8455,2
2.0442,4.2049,2
-1.6486,10.554,2
-4.4099,4.6552,2
-2.2341,4.549,2
-1.0847,8.9709,2
-3.5266,3.364,2
-2.1176,5.4806,2
2.3515,3.698,2
3.2501,7.823,2
-5.3937,6.3639,2
0.50793,5.8079,2
-2.2385,3.9958,2
2.3395,4.9173,2
-1.686,9.9419,2
-4.2371,4.1429,2
1.6463,4.0791,2
-2.0225,6.7555,2
1.2477,4.2063,2
-4.0536,4.3236,2
0.60578,5.3274,2
1.4263,4.2046,2
2.6259,3.7275,2
1.8265,4.5147,2
-1.6615,7.8485,2
1.7521,4.4669,2
-1.4287,9.6052,2
0.37287,5.6337,2
-2.9875,4.4073,2
-3.9527,3.7101,2
-1.8824,6.7057,2
-2.7812,3.6938,2
-2.1156,6.439,2
-1.6271,10.035,2
2.422,4.8452,2
-5.5702,7.0139,2
2.4451,4.9871,2
-2.2075,4.9353,2
-1.12,8.8669,2
3.0356,8.0466,2
2.8,5.7955,2
-1.2618,9.1936,2
2.0862,4.2881,2
-2.6712,4.312,2
1.0466,4.3023,2
-3.8094,3.4412,2
-5.6731,7.3936,2
-3.3712,4.6139,2
-1.5261,9.7835,2
-5.2017,6.3782,2
-1.6508,9.2775,2
1.0535,5.0604,2
-4.0524,4.3054,2
3.2087,9.1065,2
1.709,4.4144,2
0.94482,5.5533,2
3.0797,6.9005,2
-1.7075,8.7185,2
-1.9909,5.1291,2
-0.95357,8.5125,2
1.6321,4.3674,2
-6.2304,8.9849,2
1.8638,5.1959,2
-0.40633,7.2345,2
2.5472,4.0099,2
-1.5864,9.5544,2
-0.024453,6.7046,2
-0.40476,6.572,2
3.1887,7.5587,2
-1.6277,9.3844,2
-4.8918,5.6567,2
0.22446,5.8892,2
-1.8141,6.6243,2
-6.0131,8.3295,2
2.6727,5.8069,2
-1.6587,9.3101,2
2.1323,4.2268,2
-6.1124,8.1668,2
0.41507,5.8039,2
2.737,6.2697,2
2.4032,5.2018,2
3.0264,7.6901,2
-5.2444,6.4258,2
2.6144,5.6563,2
-3.0796,4.0285,2
-2.1276,4.2966,2
-1.6004,10.187,2
2.9051,6.2127,2
-2.3788,4.7744,2
2.6856,4.8979,2
2.7372,5.7591,2
-1.9067,6.0927,2
3.2474,10.007,2
-1.8974,5.8648,2
-4.4318,4.4011,2
3.1267,8.4894,2
-6.2847,8.8319,2
-3.6303,3.7421,2
-4.6261,5.0655,2
-4.7229,5.0412,2
-1.2269,9.1567,2
-6.2122,8.3716,2
2.7094,5.9978,2
2.7345,5.5878,2
-2.3915,4.5389,2
-1.582,8.0314,2
-2.4355,4.0902,2
-6.063,7.6215,2
-2.4739,4.1064,2
0.71081,5.188,2
3.1986,8.6304,2
-1.9533,5.5699,2
2.7512,5.1017,2
2.4946,4.6321,2
-5.9196,7.8184,2
2.0421,4.5486,2
-2.4015,3.8091,2
2.5191,5.661,2
2.2124,3.9752,2
0.68568,5.0833,2
3.2172,7.5772,2
-0.023962,6.2767,2
-4.1887,4.2681,2
0.04104,6.4006,2
-1.8641,6.9489,2
-2.6128,5.1654,2
3.0905,9.3826,2
-1.6138,9.4813,2
2.4565,4.9674,2
2.4718,5.2317,2
-1.7311,7.5645,2
-3.4279,3.889,2
-1.1399,8.9818,2
-5.6996,7.3963,2
-4.8809,5.4193,2
-1.7875,8.9776,2
-4.5216,5.238,2
-1.6733,9.1008,2
-3.3488,3.7456,2
2.3203,3.9965,2
-2.3664,4.2386,2
1.7155,4.3658,2
2.8235,6.3906,2
3.2438,9.0388,2
-1.6094,9.5391,2
1.634,4.5144,2
-3.7085,4.6348,2
1.6821,4.1614,2
-3.9132,4.1924,2
1.518,4.217,2
3.2408,9.9504,2
-5.7542,7.4189,2
-1.8319,5.1853,2
0.88496,4.617,2
-1.7421,8.3842,2
-3.0337,3.5579,2
-5.0991,5.8218,2
2.0358,5.0054,2
2.2401,5.2774,2
-5.894,7.8416,2
-3.6202,3.3092,2
1.8887,4.4391,2
-3.3031,3.6364,2
-0.068672,6.2808,2
-1.2364,9.223,2
-2.5466,3.7698,2
3.2336,11.24,2
-1.5961,9.0034,2
-1.8709,5.1667,2
1.3329,4.6226,2
-3.7841,3.4824,2
-0.58392,7.8122,2
-4.8709,5.5448,2
-2.4898,5.2476,2
-6.1919,8.701,2
-3.1311,3.7693,2
2.9098,7.7439,2
-1.7756,8.4922,2
-6.2064,8.5123,2
-6.5047,9.117,2
-0.41636,7.3544,2
-2.0271,5.769,2
-5.5615,6.9661,2
2.7553,6.9468,2
-2.5804,3.4558,2
2.2978,4.3691,2
-0.75584,7.8037,2
-2.4589,4.0626,2
-5.8447,7.4083,2
1.4997,4.2983,2
1.7855,4.2958,2
2.9936,6.436,2
2.7698,6.1088,2
2.7724,5.4858,2
2.9992,8.2579,2
1.5704,4.7899,2
-1.6082,7.9623,2
-2.6103,4.1823,2
1.467,4.5031,2
2.7762,5.9204,2
-4.2797,4.5516,2
-4.1134,4.3493,2
1.4119,4.4323,2
-2.5083,4.0157,2
-1.606,9.0748,2
-0.82823,8.0703,2
-1.7143,7.346,2
2.0019,4.6603,2
-1.8805,6.2261,2
-2.0203,5.8035,2
-0.24857,6.7922,2
3.2668,10.129,2
2.6635,5.3426,2
-1.8539,6.5399,2
-4.6778,5.8099,2
-2.8218,3.7975,2
2.797,5.4771,2
0.69826,5.4769,2
-2.9247,3.6695,2
-3.0245,4.5406,2
-3.007,5.247,2
1.8145,4.622,2
1.7818,4.8474,2
3.0165,8.6095,2
-0.55615,7.4544,2
3.3451,9.3711,2
1.5532,4.7839,2
3.1081,9.1494,2
1.3215,3.9109,2
1.8561,4.0202,2
3.2442,9.0501,2
-2.2277,4.2336,2
-5.8903,7.4083,2
2.3151,4.6888,2
0.53002,5.0326,2
1.6169,4.4704,2
0.40666,5.6908,2
-4.2778,4.7293,2
-3.0203,4.2762,2
-5.1215,6.1157,2
-1.7561,7.4843,2
-5.2642,6.242,2
-1.6088,9.7128,2
2.8657,6.059,2
-2.1568,4.9595,2
-3.3485,4.1993,2
0.088983,5.6234,2
-0.62694,7.5876,2
3.1972,10.43,2
-3.8687,4.1326,2
3.2925,9.2457,2
-1.9566,6.3696,2
-1.5771,9.9265,2
-2.805,3.297,2
0.79715,5.2495,2
2.1136,4.291,2
0.99143,4.6935,2
2.3795,4.3354,2
-1.1168,9.2435,2
-2.5711,3.2918,2
2.5093,4.6587,2
2.7627,5.0819,2
-5.3428,6.7895,2
-1.8518,6.5658,2
-1.6858,9.7254,2
-2.1749,5.4896,2
1.3526,4.9007,2
-5.7336,7.1248,2
-4.2818,4.7824,2
2.9687,6.478,2
0.76986,4.8027,2
-1.7515,7.3958,2
-3.5542,3.8926,2
-4.1749,4.2133,2
-2.825,3.0327,2
2.5514,5.0125,2
1.8792,4.2891,2
1.1005,5.0348,2
-5.5148,7.098,2
-1.2231,9.1574,2
-3.6303,3.8824,2
-5.08,5.6855,2
-6.1675,8.3259,2
-3.1114,3.9611,2
1.8576,4.7078,2
2.7412,6.745,2
0.53354,5.3744,2
-1.1024,8.6785,2
2.4338,4.0919,2
0.91491,4.4452,2
0.04264,6.1264,2
-2.2527,4.7021,2
-0.079618,6.658,2
-0.4893,7.5078,2
-0.91833,8.2947,2
2.5888,5.7382,2
-0.52938,7.2444,2
-2.5181,4.4879,2
-2.62,3.2457,2
1.6138,4.347,2
-1.3472,9.2895,2
3.3569,9.8385,2
-5.3332,6.3181,2
-1.5776,9.2555,2
3.0515,7.5143,2
-2.5133,4.4886,2
3.1855,8.002,2
3.0102,7.8977,2
-3.1412,3.1098,2
1.4935,3.829,2
-2.0988,4.9054,2
-0.023209,6.3703,2
-2.4231,3.6433,2
2.6091,5.4137,2
-1.6571,10.459,2
3.0702,7.3943,2
3.0202,5.6829,2
-0.6561,7.5478,2
0.089712,5.6531,2
-1.8256,7.1165,2
-0.68782,7.4207,2
3.2036,8.5894,2
-1.6235,9.7142,2
-2.4853,4.1491,2
3.0678,7.9456,2
1.8157,4.2995,2
-0.78736,8.0915,2
0.68432,4.8604,2
-5.5152,6.405,2
1.9532,4.899,2
-4.8216,5.6288,2
-1.876,7.0911,2
0.30117,5.9977,2
-0.4423,6.9633,2
-1.7582,7.2089,2
1.7704,4.704,2
2.2279,4.1609,2
-1.9369,6.3789,2
2.966,6.5127,2
-3.6062,3.3245,2
2.2543,5.0018,2
-2.2806,4.6329,2
-1.9261,5.3733,2
-4.869,5.4928,2
0.83252,5.1964,2
-6.4518,8.933,2
-0.16031,7.0515,2
-2.8491,2.9478,2
3.0479,5.5551,2
1.0163,3.4967,2
-1.5469,9.7959,2
-5.0507,5.2427,2
-3.18,3.7621,2
3.2988,10.646,2
2.1834,4.8313,2
-3.649,3.1016,2
0.6333,4.824,2
2.9134,7.1893,2
-1.7263,7.3024,2
-3.2431,3.6893,2
2.8327,4.8461,2
-5.4144,6.5658,2
-1.9714,4.1491,2
0.35557,5.9334,2
-2.4205,4.5296,2
2.8295,6.8303,2
-1.828,6.7242,2
-1.3352,9.7338,2
2.8338,7.017,2
-3.4189,3.0643,2
3.0321,7.5576,2
-3.3324,4.3842,2
-2.5008,5.7666,2
-1.797,8.6421,2
3.3641,9.3125,2
-1.6517,8.2915,2
-1.7245,6.3148,2
-2.1249,5.4473,2
3.35,10.796,2
-1.7489,6.9961,2
-3.4475,4.2503,2
1.2924,5.086,2
-1.0182,8.5338,2
-1.3288,9.4488,2
-4.0358,4.0009,2
-5.375,6.4995,2
-3.777,3.0486,2
-5.9228,7.7323,2
0.053018,6.3884,2
-6.5121,9.2052,2
3.0416,6.6721,2
-2.6825,4.3369,2
-2.158,5.1181,2
2.6117,5.5134,2
-1.9593,6.4465,2
-4.78,4.9696,2
0.62528,5.2377,2
1.2141,4.4759,2
-1.6553,8.2338,2
-2.0119,5.041,2
3.0167,7.6049,2
-1.7906,7.7182,2
-1.5398,9.1244,2
-5.2712,6.102,2
-2.3058,4.4287,2
-1.9932,5.7746,2
-4.2003,3.9387,2
2.0528,4.4091,2
0.6317,5.2508,2
-1.6177,10.249,2
-4.6915,5.4415,2
1.3132,4.2072,2
-0.22866,6.5097,2
-2.3639,4.8976,2
-2.9743,3.4875,2
-1.5531,9.2249,2
2.7723,6.0249,2
1.1443,4.7632,2
2.1713,4.868,2
1.6732,4.2727,2
-2.3906,4.3515,2
-6.3807,9.0441,2
-1.6236,9.0698,2
-0.25922,7.2206,2
-3.4514,3.865,2
-0.14174,6.4556,2
0.22008,6.257,2
-2.2228,5.1991,2
0.12692,6.0575,2
2.5004,4.7401,2
-3.2693,3.8647,2
3.012,8.2678,2
0.59522,5.2007,2
2.6394,5.8251,2
3.2368,9.5504,2
-1.5917,9.4024,2
-3.3728,3.6158,2
2.822,6.8472,2
-5.8575,7.0871,2
1.6113,5.3593,2
0.96701,5.0309,2
2.29,5.3009,2
-3.2343,3.2419,2
-0.99831,8.6323,2
0.055571,5.9194,2
-1.1405,8.8655,2
0.45649,5.9629,2
3.366,9.0523,2
-0.58047,7.4944,2
0.23628,6.1469,2
2.4145,3.9956,2
-4.9199,5.5015,2
3.2673,10.148,2
1.4069,4.2062,2
1.2231,5.0091,2
0.81634,5.702,2
2.3196,4.2832,2
3.1319,8.2924,2
3.0811,6.8132,2
3.3239,8.4334,2
-3.3892,3.4989,2
2.7784,5.798,2
-2.4621,3.7277,2
-2.6263,3.7038,2
-2.8765,4.0976,2
-5.7714,7.5029,2
3.2617,8.5569,2
2.0667,4.4559,2
-3.2052,3.4104,2
-2.0165,5.2748,2
1.5711,3.8035,2
2.6486,5.0127,2
-0.18599,6.4495,2
3.2842,6.9314,2
-5.4369,6.9531,2
-6.0094,8.2389,2
1.6726,4.0145,2
-5.455,6.4455,2
1.7501,4.6146,2
-1.4968,9.9554,2
3.0751,7.0355,2
-2.5344,4.3039,2
-0.10363,6.7071,2
0.39906,5.7113,2
-5.6035,6.928,2
0.30957,5.9692,2
-5.0883,5.5663,2
-6.4639,9.0764,2
1.152,4.3139,2
-2.3725,4.4798,2
-2.1129,5.9154,2
-2.5936,4.5258,2
-6.4344,9.0909,2
-4.9802,6.0215,2
-3.6417,4.3877,2
0.39549,5.4162,2
-1.8831,5.4226,2
-0.33627,7.1437,2
2.4683,4.6032,2
-3.077,3.353,2
-1.5913,7.9746,2
1.2014,4.6696,2
-5.0499,5.9671,2
1.7764,4.9663,2
1.1005,4.4152,2
3.2714,8.7432,2
-2.5773,4.0324,2
2.4355,4.5693,2
0.3044,6.2155,2
-3.7861,3.6269,2
-1.6575,9.3213,2
-2.0781,4.3652,2
-2.4391,4.2052,2
2.4265,4.2897,2
-1.6317,9.382,2
-0.56601,7.6069,2
-1.3778,9.8189,2
-1.2396,9.3826,2
2.4868,5.8411,2
-1.7741,6.8023,2
2.1106,4.3431,2
-0.6066,8.1542,2
-0.85243,8.385,2
2.9182,4.899,2
-2.26,4.922,2
-6.3083,8.6384,2
-1.6484,9.7896,2
-2.8488,2.578,2
-2.5949,4.4337,2
0.12918,5.9111,2
-6.3496,9.2759,2
-3.7778,3.619,2
1.4859,4.3738,2
3.1868,7.8695,2
3.295,9.3111,2
-1.6717,8.4447,2
-3.7993,3.6245,2
-0.41409,7.6366,2
-1.4675,9.8799,2
-1.9079,6.7019,2
-2.2573,4.5521,2
0.94028,5.144,2
-2.2379,5.197,2
-4.0108,3.8736,2
2.9786,7.1081,2
-2.7402,3.7114,2
-0.90747,8.4944,2
-5.2666,5.9579,2
-2.9937,3.7917,2
-1.8273,5.905,2
0.23511,5.7765,2
3.2306,8.4909,2
0.28918,5.7257,2
2.1676,3.8788,2
-3.4644,3.5444,2
-4.2574,4.4422,2
1.8661,4.3878,2
3.3017,9.6685,2
-4.6912,4.7187,2
-1.7023,8.4172,2
-3.8034,3.92,2
-1.4782,9.6385,2
-3.8714,4.1327,2
-1.0379,8.4058,2
1.4128,4.6056,2
2.2211,4.7164,2
0.61977,5.2615,2
-3.5562,4.2456,2
-6.1119,7.826,2
-3.1524,3.0908,2
-0.22326,6.9613,2
2.6751,6.0538,2
-6.0429,8.2539,2
-1.8122,7.0631,2
2.7424,5.8514,2
-0.36793,7.0984,2
-1.5944,10.292,2
0.81391,5.6364,2
-1.6573,9.3191,2
-0.52617,7.6941,2
-4.02,4.1202,2
-3.6034,3.7404,2
3.3218,9.6581,2
-0.1109,6.4906,2
-2.0212,5.5977,2
1.8692,3.6717,2
-2.1346,5.0261,2
-1.6609,7.5224,2
-4.2402,4.6041,2
1.7216,4.4816,2
-1.5573,9.8572,2
-2.4409,4.5621,2
-1.6888,8.4204,2
0.36395,5.3272,2
0.94816,4.6386,2
2.6443,5.6831,2
-5.9097,7.8924,2
-6.4413,9.0919,2
-5.4648,6.654,2
2.9564,7.0104,2
-2.3843,3.8482,2
-2.5085,4.5107,2
-5.3454,6.0706,2
-1.3937,9.3556,2
-3.5902,3.6339,2
2.6969,5.1987,2
2.9102,5.9434,2
-1.6943,8.8741,2
0.6012,5.3902,2
-2.8604,4.0789,2
-2.022,5.2727,2
0.4751,5.5901,2
3.4003,9.6725,2
3.1199,8.4772,2
0.31854,5.6068,2
2.7587,5.9894,2
-1.0977,8.8199,2
1.9477,4.1508,2
0.28452,6.2756,2
-1.717,7.4259,2
-4.0292,4.3539,2
0.17873,5.3945,2
2.5518,5.6543,2
-3.4755,4.5021,2
-1.8852,6.5191,2
2.1381,4.3994,2
3.1564,7.8179,2
-4.3116,5.362,2
-3.6375,3.6481,2
-2.5535,4.4231,2
-5.6823,7.093,2
-2.8794,3.5044,2
1.0101,4.9092,2
-1.6679,7.184,2
0.72948,4.6239,2
-2.6849,3.4316,2
3.0918,6.8273,2
-1.8956,7.8024,2
-2.1741,5.3811,2
-2.7659,3.8984,2
-1.6688,9.5154,2
0.76201,5.0549,2
-6.3628,9.052,2
-3.6333,3.366,2
1.1968,4.1943,2
2.554,4.4743,2
0.36675,5.3155,2
1.0784,4.6629,2
-5.3914,6.3328,2
0.41112,5.6227,2
-3.7072,3.6371,2
-2.863,3.7565,2
0.14534,6.0418,2
-4.4285,5.159,2
-1.7846,7.7365,2
1.3929,4.3081,2
2.6817,6.0209,2
0.83006,5.6593,2
-2.0316,5.1626,2
-1.6776,9.1789,2
-1.8699,7.7845,2
2.4932,5.4254,2
3.327,10.303,2
2.55,5.8157,2
-0.34617,6.8246,2
-3.2112,3.5101,2
-1.84,7.227,2
-1.1466,8.7135,2
0.37354,5.4445,2
-2.4494,3.8609,2
-1.5985,10.406,2
-2.8303,3.2765,2
-2.6588,3.3404,2
2.566,4.9198,2
-2.3347,4.6203,2
2.5381,5.0982,2
-5.151,5.7471,2
-1.8516,6.9894,2
3.3372,10.457,2
-4.6104,5.4153,2
2.6288,5.54,2
1.923,4.3812,2
-3.1474,3.8405,2
3.3298,10.691,2
2.4572,5.0534,2
-5.6274,7.1757,2
0.94598,4.7651,2
-4.5209,5.269,2
1.9686,4.7534,2
3.3767,10.629,2
-2.2726,5.3266,2
2.9022,5.8824,2
2.5128,4.511,2
-4.5129,4.6145,2
-2.7043,3.7529,2
2.224,4.4474,2
3.2486,9.2634,2
-1.9932,5.4197,2
-1.8391,6.8666,2
-1.9584,5.7997,2
-1.9196,5.8501,2
-0.85002,8.5332,2
-2.082,5.1738,2
-1.4467,9.7666,2
-1.887,6.8983,2
-0.29389,6.6365,2
1.9003,4.3418,2
-2.3533,5.0106,2
-4.5924,5.1443,2
1.3548,4.5364,2
1.8063,4.8582,2
-5.1578,6.1422,2
2.1604,4.2293,2
-3.2025,3.3405,2
-4.5705,5.1928,2
2.0647,4.4147,2
-5.3767,6.1728,2
-2.4626,4.2653,2
-0.12623,6.395,2
-2.6892,3.9153,2
-6.0204,8.1604,2
-2.2225,3.5153,2
-5.7613,7.6144,2
1.5795,4.5208,2
